date,open,high,low,close,volume,name
2013-02-08,33.34,33.6,33.19,33.32,2047082,PAYX
2013-02-11,33.28,33.38,33.11,33.32,1874029,PAYX
2013-02-12,33.28,33.4901,33.2,33.44,1947476,PAYX
2013-02-13,33.2,33.64,33.2,33.53,1721241,PAYX
2013-02-14,33.48,33.72,33.36,33.72,1964066,PAYX
2013-02-15,33.66,34.0,33.65,33.97,3188059,PAYX
2013-02-19,33.95,33.96,33.73,33.93,2293388,PAYX
2013-02-20,33.97,34.05,33.69,33.71,2067674,PAYX
2013-02-21,33.65,33.66,32.87,33.01,3844842,PAYX
2013-02-22,33.13,33.25,32.96,33.12,2393869,PAYX
2013-02-25,33.39,33.6225,33.0,33.01,3045710,PAYX
2013-02-26,33.23,33.44,32.88,32.99,3520875,PAYX
2013-02-27,32.96,33.24,32.91,33.17,3628262,PAYX
2013-02-28,33.15,33.325,33.06,33.105,3224605,PAYX
2013-03-01,32.73,33.4,32.73,33.35,2970845,PAYX
2013-03-04,33.14,33.545,33.02,33.515,2412538,PAYX
2013-03-05,33.69,33.99,33.6,33.94,2253296,PAYX
2013-03-06,34.0,34.09,33.655,33.775,1883169,PAYX
2013-03-07,33.84,34.2,33.77,34.06,2913466,PAYX
2013-03-08,34.24,34.25,33.84,33.99,1901554,PAYX
2013-03-11,34.01,34.1072,33.8,33.95,2032689,PAYX
2013-03-12,33.99,34.05,33.76,33.89,1806654,PAYX
2013-03-13,34.05,34.185,33.83,34.12,1811302,PAYX
2013-03-14,34.1,34.26,34.05,34.25,1737401,PAYX
2013-03-15,34.13,34.24,33.85,33.99,2971452,PAYX
2013-03-18,33.72,34.02,33.65,33.785,1688258,PAYX
2013-03-19,33.83,34.02,33.63,33.91,2430114,PAYX
2013-03-20,34.11,34.47,33.835,34.39,3160189,PAYX
2013-03-21,34.29,34.29,33.99,34.16,2783707,PAYX
2013-03-22,34.19,34.44,34.025,34.44,2151539,PAYX
2013-03-25,34.49,34.67,34.25,34.35,2769362,PAYX
2013-03-26,34.42,34.91,34.42,34.84,2318003,PAYX
2013-03-27,34.57,34.98,34.48,34.76,2898841,PAYX
2013-03-28,34.83,35.18,34.1,35.06,4963009,PAYX
2013-04-01,34.86,35.5,34.85,35.33,3701787,PAYX
2013-04-02,35.61,35.905,35.29,35.87,3392141,PAYX
2013-04-03,35.89,35.95,35.38,35.46,3064284,PAYX
2013-04-04,35.45,35.795,35.42,35.61,1849279,PAYX
2013-04-05,35.45,35.45,34.65,34.89,3799223,PAYX
2013-04-08,34.87,35.06,34.78,35.06,1529821,PAYX
2013-04-09,35.24,35.3,34.875,35.22,2618624,PAYX
2013-04-10,35.31,35.84,35.23,35.8,2582803,PAYX
2013-04-11,35.78,36.16,35.76,36.09,1616307,PAYX
2013-04-12,36.11,36.14,35.81,36.14,1801670,PAYX
2013-04-15,35.85,36.15,35.26,35.34,3425160,PAYX
2013-04-16,35.5,35.78,35.37,35.66,2818750,PAYX
2013-04-17,35.41,35.735,35.245,35.63,3646076,PAYX
2013-04-18,35.79,35.83,35.16,35.33,2526105,PAYX
2013-04-19,35.17,35.48,35.17,35.4,2532579,PAYX
2013-04-22,35.6,35.71,35.095,35.56,1706411,PAYX
2013-04-23,35.87,36.07,35.54,36.05,2486733,PAYX
2013-04-24,36.14,36.2499,35.9799,36.04,1665061,PAYX
2013-04-25,36.17,36.33,36.0609,36.28,1847354,PAYX
2013-04-26,36.23,36.31,35.85,35.87,2156813,PAYX
2013-04-29,35.99,36.25,35.825,36.13,1418935,PAYX
2013-04-30,36.05,36.42,36.02,36.41,2111113,PAYX
2013-05-01,36.48,36.63,36.21,36.3,2142735,PAYX
2013-05-02,36.51,36.93,36.37,36.9,2302521,PAYX
2013-05-03,37.01,37.47,36.64,37.37,2700383,PAYX
2013-05-06,37.23,37.32,36.96,37.11,1896987,PAYX
2013-05-07,37.09,37.26,37.0,37.08,1339762,PAYX
2013-05-08,36.92,37.23,36.92,37.18,1307835,PAYX
2013-05-09,37.08,37.59,37.08,37.42,2046912,PAYX
2013-05-10,37.52,37.76,37.36,37.74,1509872,PAYX
2013-05-13,37.62,37.77,37.47,37.53,1279137,PAYX
2013-05-14,37.64,38.21,37.635,38.2,2507480,PAYX
2013-05-15,38.14,38.66,38.06,38.65,3228937,PAYX
2013-05-16,38.54,38.58,37.905,37.94,2797902,PAYX
2013-05-17,38.23,38.54,38.18,38.52,2095045,PAYX
2013-05-20,38.33,38.52,38.06,38.18,1748074,PAYX
2013-05-21,38.17,38.345,38.06,38.195,1499512,PAYX
2013-05-22,38.26,38.55,37.77,37.98,1887997,PAYX
2013-05-23,37.69,38.2,37.69,37.95,1901341,PAYX
2013-05-24,37.76,37.89,37.59,37.86,1715144,PAYX
2013-05-28,38.24,38.66,38.16,38.26,1660178,PAYX
2013-05-29,37.96,38.06,37.56,37.83,2033612,PAYX
2013-05-30,37.83,38.05,37.57,37.76,1888519,PAYX
2013-05-31,37.54,38.0,37.23,37.23,3349992,PAYX
2013-06-03,37.49,37.69,37.23,37.38,2616273,PAYX
2013-06-04,37.44,37.6,36.92,37.1,1818678,PAYX
2013-06-05,37.06,37.11,36.4843,36.66,1820832,PAYX
2013-06-06,36.14,36.77,36.14,36.72,2142103,PAYX
2013-06-07,36.9,37.19,36.695,37.15,1241906,PAYX
2013-06-10,37.09,37.26,36.9,37.08,1133549,PAYX
2013-06-11,36.89,37.19,36.72,36.74,1392358,PAYX
2013-06-12,36.95,37.01,36.56,36.56,1862017,PAYX
2013-06-13,36.63,37.205,36.48,37.11,1602828,PAYX
2013-06-14,37.07,37.3484,36.95,37.14,1390935,PAYX
2013-06-17,37.44,38.0,37.36,37.84,2278588,PAYX
2013-06-18,37.84,37.93,37.47,37.8,1640863,PAYX
2013-06-19,37.76,37.9,37.34,37.36,1520726,PAYX
2013-06-20,36.95,37.19,36.69,36.74,2798525,PAYX
2013-06-21,36.96,37.29,36.67,37.17,3338519,PAYX
2013-06-24,36.99,37.365,36.84,37.235,3213312,PAYX
2013-06-25,37.67,37.732,37.14,37.63,2003460,PAYX
2013-06-26,37.88,38.14,37.62,37.99,2361471,PAYX
2013-06-27,36.97,37.0,35.745,36.6,7255178,PAYX
2013-06-28,36.16,36.77,36.0,36.51,4584865,PAYX
2013-07-01,36.43,36.88,36.32,36.66,2307030,PAYX
2013-07-02,36.79,37.26,36.62,36.94,2938546,PAYX
2013-07-03,36.86,37.36,36.81,37.16,903947,PAYX
2013-07-05,37.5,37.7,37.14,37.61,1219362,PAYX
2013-07-08,37.99,38.06,37.67,38.04,2509234,PAYX
2013-07-09,38.2,38.235,37.98,38.15,1674293,PAYX
2013-07-10,38.04,38.62,38.04,38.48,1558551,PAYX
2013-07-11,38.72,38.99,38.71,38.89,1759652,PAYX
2013-07-12,39.47,39.49,38.89,39.4,2299780,PAYX
2013-07-15,39.02,39.37,38.98,39.02,1855219,PAYX
2013-07-16,39.0,39.22,38.97,39.06,1402832,PAYX
2013-07-17,39.34,39.34,39.06,39.2,1685429,PAYX
2013-07-18,39.25,39.51,39.17,39.36,1366235,PAYX
2013-07-19,39.44,39.509,39.23,39.35,1688036,PAYX
2013-07-22,39.62,39.65,39.29,39.4,1781991,PAYX
2013-07-23,39.66,39.66,39.15,39.2,2017035,PAYX
2013-07-24,39.49,39.5,39.04,39.22,1495815,PAYX
2013-07-25,39.02,39.275,38.935,39.24,7128288,PAYX
2013-07-26,39.0,39.27,38.84,39.27,7355884,PAYX
2013-07-29,39.12,39.33,39.11,39.27,6125897,PAYX
2013-07-30,39.1,39.33,38.88,38.88,2349279,PAYX
2013-07-31,39.09,39.59,38.92,39.44,3518912,PAYX
2013-08-01,39.61,40.48,39.41,40.44,3086693,PAYX
2013-08-02,40.84,40.84,40.1,40.77,2771722,PAYX
2013-08-05,40.49,40.619,40.41,40.51,2592635,PAYX
2013-08-06,40.39,40.69,40.37,40.52,1832622,PAYX
2013-08-07,40.46,40.48,40.1,40.33,1565823,PAYX
2013-08-08,40.58,40.58,40.21,40.25,1514217,PAYX
2013-08-09,40.07,40.585,40.01,40.4,1627453,PAYX
2013-08-12,40.1,40.59,40.05,40.36,1203298,PAYX
2013-08-13,40.5,40.56,40.16,40.31,1775770,PAYX
2013-08-14,40.36,40.38,39.92,40.02,1479750,PAYX
2013-08-15,39.82,39.82,39.46,39.54,1923485,PAYX
2013-08-16,39.47,39.58,39.24,39.32,1548450,PAYX
2013-08-19,39.27,39.62,39.25,39.36,1318018,PAYX
2013-08-20,39.51,39.78,39.32,39.54,1309043,PAYX
2013-08-21,39.35,39.63,39.06,39.18,1186723,PAYX
2013-08-22,39.4,39.63,39.21,39.45,1111690,PAYX
2013-08-23,39.47,39.59,39.14,39.31,1307370,PAYX
2013-08-26,39.31,39.41,39.08,39.13,875836,PAYX
2013-08-27,38.72,38.81,38.46,38.47,1539508,PAYX
2013-08-28,38.57,38.7,38.46,38.54,1287613,PAYX
2013-08-29,38.47,38.83,38.33,38.59,1294289,PAYX
2013-08-30,38.51,38.75,38.336,38.68,2261418,PAYX
2013-09-03,38.96,39.15,38.34,38.57,1579813,PAYX
2013-09-04,36.8,38.92,36.8,38.84,2072735,PAYX
2013-09-05,38.77,39.08,38.68,38.95,976996,PAYX
2013-09-06,39.1,39.45,38.52,39.17,1440355,PAYX
2013-09-09,39.34,39.5865,39.15,39.54,964463,PAYX
2013-09-10,39.7,40.09,39.685,39.99,1344655,PAYX
2013-09-11,39.94,40.5,39.94,40.49,1603092,PAYX
2013-09-12,40.35,40.6951,40.26,40.28,1092176,PAYX
2013-09-13,40.34,40.425,40.095,40.33,925614,PAYX
2013-09-16,40.6,40.85,40.58,40.65,1113277,PAYX
2013-09-17,40.72,40.79,40.57,40.72,984944,PAYX
2013-09-18,40.66,41.16,40.64,40.925,1736343,PAYX
2013-09-19,41.04,41.15,40.89,41.11,1173412,PAYX
2013-09-20,41.18,41.24,40.93,40.99,2562244,PAYX
2013-09-23,40.94,41.0,40.38,40.67,2051663,PAYX
2013-09-24,40.71,40.87,40.52,40.71,1364672,PAYX
2013-09-25,40.63,40.82,40.44,40.59,1363050,PAYX
2013-09-26,40.71,40.99,40.61,40.8,1345627,PAYX
2013-09-27,40.74,40.77,40.22,40.35,2026272,PAYX
2013-09-30,40.01,40.77,40.0,40.64,3242029,PAYX
2013-10-01,39.92,40.14,39.47,39.981,4076615,PAYX
2013-10-02,39.87,39.94,39.535,39.94,2213385,PAYX
2013-10-03,39.97,39.99,39.43,39.52,2268843,PAYX
2013-10-04,39.62,39.69,39.35,39.55,2199765,PAYX
2013-10-07,39.37,39.69,39.21,39.66,2266856,PAYX
2013-10-08,39.56,39.79,39.5175,39.56,3388595,PAYX
2013-10-09,39.58,39.74,39.21,39.42,2788755,PAYX
2013-10-10,39.66,40.22,39.61,40.19,2819439,PAYX
2013-10-11,40.05,40.799,40.04,40.74,1775489,PAYX
2013-10-14,40.68,40.96,40.5228,40.9,1656028,PAYX
2013-10-15,40.81,40.82,40.57,40.72,2064090,PAYX
2013-10-16,40.84,41.18,40.71,41.17,1990603,PAYX
2013-10-17,40.98,41.41,40.915,41.4,1566094,PAYX
2013-10-18,41.43,41.67,41.24,41.63,1579950,PAYX
2013-10-21,41.51,42.27,41.46,42.26,2291687,PAYX
2013-10-22,41.93,42.845,41.93,42.72,2584713,PAYX
2013-10-23,42.55,42.69,42.45,42.66,1729179,PAYX
2013-10-24,42.69,42.97,42.64,42.85,1563330,PAYX
2013-10-25,43.0,43.0,42.7,43.0,1189812,PAYX
2013-10-28,42.98,43.35,42.81,43.27,1531766,PAYX
2013-10-29,43.27,43.62,43.0,43.27,2741956,PAYX
2013-10-30,41.275,42.91,41.275,42.3,4746803,PAYX
2013-10-31,42.23,42.41,42.1,42.265,3021373,PAYX
2013-11-01,42.22,42.45,41.88,41.99,2284486,PAYX
2013-11-04,42.24,42.24,41.86,41.995,2370588,PAYX
2013-11-05,41.94,42.09,41.6901,41.91,1806653,PAYX
2013-11-06,41.91,42.239,41.72,41.91,2119118,PAYX
2013-11-07,42.11,42.25,41.42,41.79,3547719,PAYX
2013-11-08,41.78,42.21,41.72,42.21,1927972,PAYX
2013-11-11,42.1,42.275,41.95,42.025,1409816,PAYX
2013-11-12,41.9,42.21,41.7901,42.2,1717736,PAYX
2013-11-13,41.27,42.775,41.27,42.765,1981471,PAYX
2013-11-14,42.84,43.24,42.67,43.12,1572796,PAYX
2013-11-15,43.11,43.35,42.78,43.33,2011248,PAYX
2013-11-18,43.48,43.67,43.36,43.43,1858851,PAYX
2013-11-19,42.73,43.86,42.11,43.59,2767316,PAYX
2013-11-20,43.56,44.0,43.19,43.31,2330916,PAYX
2013-11-21,43.52,43.66,43.355,43.63,1946392,PAYX
2013-11-22,43.93,43.93,43.33,43.5,2892404,PAYX
2013-11-25,43.56,43.76,43.41,43.5,1563272,PAYX
2013-11-26,43.61,44.01,43.43,43.74,3274480,PAYX
2013-11-27,43.84,43.9399,43.62,43.75,1305312,PAYX
2013-11-29,43.69,44.0,43.66,43.73,858044,PAYX
2013-12-02,43.87,43.9168,43.48,43.59,1651507,PAYX
2013-12-03,43.75,44.4,43.57,43.73,4477490,PAYX
2013-12-04,44.63,44.63,43.25,43.48,3862713,PAYX
2013-12-05,43.49,43.49,42.55,42.68,2843181,PAYX
2013-12-06,43.25,43.39,42.94,43.37,2187532,PAYX
2013-12-09,43.47,43.624,43.15,43.49,2142534,PAYX
2013-12-10,43.43,43.62,43.27,43.38,3246912,PAYX
2013-12-11,43.34,43.49,42.94,43.0,2247748,PAYX
2013-12-12,42.92,43.07,42.57,43.01,3086637,PAYX
2013-12-13,43.09,43.1,42.52,42.63,3161327,PAYX
2013-12-16,42.99,43.317,42.83,43.17,1892378,PAYX
2013-12-17,43.19,43.19,42.74,42.9,2043511,PAYX
2013-12-18,43.01,43.4,42.52,43.32,4191233,PAYX
2013-12-19,44.25,45.69,44.0,44.9,7014390,PAYX
2013-12-20,44.84,45.23,44.4299,45.15,3983286,PAYX
2013-12-23,45.46,45.49,45.16,45.48,2453504,PAYX
2013-12-24,45.44,45.53,45.3,45.43,825662,PAYX
2013-12-26,45.64,45.79,45.34,45.64,1128462,PAYX
2013-12-27,45.72,45.94,45.5,45.58,951902,PAYX
2013-12-30,45.63,45.69,45.47,45.67,1181511,PAYX
2013-12-31,45.59,45.74,45.46,45.53,1466197,PAYX
2014-01-02,45.44,45.54,44.95,45.06,1853847,PAYX
2014-01-03,45.23,45.51,45.0675,45.22,1808913,PAYX
2014-01-06,45.25,45.66,44.63,44.83,1839936,PAYX
2014-01-07,45.86,45.95,44.97,45.09,1975079,PAYX
2014-01-08,45.42,45.51,44.57,44.76,5597098,PAYX
2014-01-09,44.5,44.81,44.45,44.53,2789993,PAYX
2014-01-10,44.49,44.55,44.14,44.37,2889452,PAYX
2014-01-13,44.4,44.43,43.37,43.58,2777048,PAYX
2014-01-14,43.73,44.115,43.58,43.76,2807327,PAYX
2014-01-15,43.8,43.95,43.51,43.64,4176464,PAYX
2014-01-16,43.64,44.06,43.55,43.95,3093896,PAYX
2014-01-17,43.79,44.31,43.75,44.1,2729863,PAYX
2014-01-21,44.16,44.3,43.73,43.78,2444295,PAYX
2014-01-22,43.85,44.01,43.54,43.71,2269842,PAYX
2014-01-23,43.46,43.7,42.96,43.29,2724814,PAYX
2014-01-24,43.08,43.16,42.07,42.08,3128429,PAYX
2014-01-27,41.47,42.31,41.47,41.88,2235233,PAYX
2014-01-28,41.9,42.38,41.7902,42.29,2060324,PAYX
2014-01-29,42.08,42.315,41.88,42.02,2747587,PAYX
2014-01-30,41.82,42.435,41.65,42.28,2157973,PAYX
2014-01-31,41.6,42.035,41.505,41.82,2806748,PAYX
2014-02-03,41.87,41.98,40.35,40.4,3848293,PAYX
2014-02-04,40.4,41.12,39.86,40.834,3767721,PAYX
2014-02-05,40.67,40.83,40.3,40.74,3008154,PAYX
2014-02-06,40.7,41.05,40.65,41.01,1621167,PAYX
2014-02-07,41.88,41.88,40.57,40.9,3725132,PAYX
2014-02-10,40.73,40.85,40.57,40.73,3367278,PAYX
2014-02-11,41.45,41.45,40.7,41.17,2055301,PAYX
2014-02-12,41.37,41.68,41.115,41.47,2148767,PAYX
2014-02-13,41.01,41.65,41.0,41.54,1706996,PAYX
2014-02-14,41.36,41.79,41.26,41.59,2083268,PAYX
2014-02-18,41.59,41.62,41.31,41.52,2731772,PAYX
2014-02-19,41.55,41.97,41.4,41.51,2374106,PAYX
2014-02-20,41.33,41.51,41.01,41.27,2308025,PAYX
2014-02-21,41.59,41.77,40.9,41.35,2906661,PAYX
2014-02-24,41.33,41.915,41.2701,41.53,1619377,PAYX
2014-02-25,41.64,41.86,41.24,41.27,2887580,PAYX
2014-02-26,41.43,41.89,41.18,41.64,3272197,PAYX
2014-02-27,41.68,41.73,41.21,41.55,3266141,PAYX
2014-02-28,41.45,41.98,41.16,41.76,2444249,PAYX
2014-03-03,41.55,41.75,40.99,41.18,1773507,PAYX
2014-03-04,41.79,42.51,41.72,42.34,2834698,PAYX
2014-03-05,42.26,42.32,41.79,42.04,1919370,PAYX
2014-03-06,42.12,42.2099,41.92,42.02,1592703,PAYX
2014-03-07,42.03,42.94,42.03,42.64,2561121,PAYX
2014-03-10,42.61,42.75,42.26,42.43,1643753,PAYX
2014-03-11,42.5,42.595,42.16,42.31,1032719,PAYX
2014-03-12,42.04,42.42,41.91,42.4,1870504,PAYX
2014-03-13,42.53,42.53,41.64,41.69,1735954,PAYX
2014-03-14,41.73,41.93,41.44,41.82,2033973,PAYX
2014-03-17,42.2,42.419,41.97,42.24,1279732,PAYX
2014-03-18,42.41,42.79,42.26,42.68,1492950,PAYX
2014-03-19,42.68,42.88,42.24,42.57,1677310,PAYX
2014-03-20,42.45,43.1,42.32,42.92,2501754,PAYX
2014-03-21,43.37,43.37,42.605,42.84,4862048,PAYX
2014-03-24,42.98,43.1,42.17,42.35,2115462,PAYX
2014-03-25,42.63,42.7,42.02,42.47,1665815,PAYX
2014-03-26,42.51,42.68,41.91,41.92,2618918,PAYX
2014-03-27,43.22,43.56,41.75,42.52,3501209,PAYX
2014-03-28,42.58,43.02,42.23,42.56,1856370,PAYX
2014-03-31,42.62,42.91,42.46,42.6,2563687,PAYX
2014-04-01,42.51,42.53,42.05,42.5,3335129,PAYX
2014-04-02,42.2,42.89,42.19,42.81,3247094,PAYX
2014-04-03,43.3,43.3,42.27,42.8,2569932,PAYX
2014-04-04,43.06,43.06,41.45,41.47,3184178,PAYX
2014-04-07,41.2,41.48,40.7601,41.34,3595536,PAYX
2014-04-08,41.3,41.55,41.04,41.3,2472157,PAYX
2014-04-09,41.4,41.52,40.795,41.24,3022939,PAYX
2014-04-10,41.3,41.62,40.61,40.63,3693699,PAYX
2014-04-11,40.48,40.6238,39.795,39.92,3228259,PAYX
2014-04-14,40.23,40.4899,39.83,40.3,2021502,PAYX
2014-04-15,40.2,40.78,40.06,40.68,2672053,PAYX
2014-04-16,41.08,41.23,40.57,40.88,1881403,PAYX
2014-04-17,40.79,41.2,40.68,40.93,1589456,PAYX
2014-04-21,41.1,41.22,40.7,40.84,1318840,PAYX
2014-04-22,40.68,41.09,40.67,40.99,1499972,PAYX
2014-04-23,41.0,41.14,40.86,40.88,1525882,PAYX
2014-04-24,41.2,41.25,40.8,40.92,1612892,PAYX
2014-04-25,40.72,40.92,40.37,40.39,1546778,PAYX
2014-04-28,40.67,40.86,40.18,40.68,1890994,PAYX
2014-04-29,41.02,41.04,40.77,40.89,1903055,PAYX
2014-04-30,40.77,41.81,40.69,41.81,2804480,PAYX
2014-05-01,41.78,41.89,41.33,41.41,1453612,PAYX
2014-05-02,40.61,41.74,40.61,41.4,1806914,PAYX
2014-05-05,41.09,41.675,40.91,41.49,1632264,PAYX
2014-05-06,41.26,41.47,40.745,40.8,1937113,PAYX
2014-05-07,40.81,41.05,40.21,40.45,2954851,PAYX
2014-05-08,40.32,40.788,40.03,40.77,2062800,PAYX
2014-05-09,40.83,41.03,40.62,40.89,1665220,PAYX
2014-05-12,40.96,41.43,40.96,41.31,1505889,PAYX
2014-05-13,41.32,41.57,41.22,41.35,1570066,PAYX
2014-05-14,41.28,41.39,40.84,40.88,1662340,PAYX
2014-05-15,40.75,40.75,40.03,40.42,2182916,PAYX
2014-05-16,40.43,40.93,40.24,40.85,1660359,PAYX
2014-05-19,40.92,41.1,40.69,41.06,1137997,PAYX
2014-05-20,41.11,41.1167,40.685,40.79,2331495,PAYX
2014-05-21,40.88,41.04,40.5,40.52,1989410,PAYX
2014-05-22,40.52,40.64,40.36,40.41,2223669,PAYX
2014-05-23,40.67,40.88,40.31,40.82,1523035,PAYX
2014-05-27,40.82,41.13,40.73,41.12,1394675,PAYX
2014-05-28,41.2,41.31,40.9,41.07,1443153,PAYX
2014-05-29,41.11,41.45,41.07,41.44,1126392,PAYX
2014-05-30,41.59,41.62,41.04,41.11,3017137,PAYX
2014-06-02,41.15,41.27,40.83,40.88,1740327,PAYX
2014-06-03,40.64,40.76,40.21,40.45,2414914,PAYX
2014-06-04,40.37,40.83,40.205,40.83,1970297,PAYX
2014-06-05,40.81,41.11,40.37,41.11,2076850,PAYX
2014-06-06,41.19,41.6,41.02,41.2,1926370,PAYX
2014-06-09,41.24,41.48,41.12,41.35,986964,PAYX
2014-06-10,41.29,41.38,41.02,41.13,1028858,PAYX
2014-06-11,41.07,41.07,40.763,40.97,1203883,PAYX
2014-06-12,40.77,41.02,40.65,40.82,1220306,PAYX
2014-06-13,40.93,41.18,40.89,41.1,1227465,PAYX
2014-06-16,40.95,41.33,40.84,41.05,1128759,PAYX
2014-06-17,41.0,41.4,40.84,41.21,1844455,PAYX
2014-06-18,41.13,41.45,40.92,41.41,1154182,PAYX
2014-06-19,41.59,41.59,41.04,41.22,1347677,PAYX
2014-06-20,41.43,41.805,41.26,41.64,2857138,PAYX
2014-06-23,41.64,41.66,41.29,41.58,1184309,PAYX
2014-06-24,41.51,41.99,41.37,41.45,1948394,PAYX
2014-06-25,41.27,41.59,41.19,41.39,1596507,PAYX
2014-06-26,41.34,41.4371,40.98,41.255,1909488,PAYX
2014-06-27,41.23,41.51,41.02,41.21,2105694,PAYX
2014-06-30,40.8,41.72,40.8,41.56,2256550,PAYX
2014-07-01,40.7,42.5,40.59,42.13,4385573,PAYX
2014-07-02,41.245,41.78,40.66,41.15,4424831,PAYX
2014-07-03,41.22,41.57,41.19,41.55,2261998,PAYX
2014-07-07,41.55,41.55,41.16,41.43,1488461,PAYX
2014-07-08,41.59,42.24,41.4,41.86,3873069,PAYX
2014-07-09,42.14,42.26,41.6,41.7,2464233,PAYX
2014-07-10,41.84,42.13,41.48,41.915,1976075,PAYX
2014-07-11,41.99,42.05,41.73,41.92,1428476,PAYX
2014-07-14,42.21,42.32,42.04,42.16,1346914,PAYX
2014-07-15,42.3,42.435,41.98,42.34,2125490,PAYX
2014-07-16,42.46,42.59,42.15,42.18,1261828,PAYX
2014-07-17,42.1,42.21,41.545,41.62,1676175,PAYX
2014-07-18,41.74,42.13,41.57,42.11,1640120,PAYX
2014-07-21,42.11,42.2,41.7,42.02,1290668,PAYX
2014-07-22,42.23,42.44,42.09,42.19,1040246,PAYX
2014-07-23,42.17,42.29,42.04,42.06,1076958,PAYX
2014-07-24,42.17,42.66,42.1,42.56,1622628,PAYX
2014-07-25,42.46,42.64,42.07,42.38,1493894,PAYX
2014-07-28,42.48,42.48,41.945,42.23,1214402,PAYX
2014-07-29,42.27,42.41,41.86,41.87,1614314,PAYX
2014-07-30,41.54,41.73,41.26,41.48,1671576,PAYX
2014-07-31,41.35,41.47,40.97,41.01,2050981,PAYX
2014-08-01,40.98,41.21,40.88,41.02,2534854,PAYX
2014-08-04,40.97,41.13,40.1,40.86,4333893,PAYX
2014-08-05,40.37,40.84,40.37,40.52,2574021,PAYX
2014-08-06,40.4,40.75,40.21,40.67,1615690,PAYX
2014-08-07,40.73,40.89,40.27,40.45,1799195,PAYX
2014-08-08,40.64,41.38,40.5101,41.34,2104060,PAYX
2014-08-11,41.51,41.74,41.45,41.59,1435392,PAYX
2014-08-12,41.59,41.65,41.26,41.41,1500439,PAYX
2014-08-13,41.67,41.86,41.42,41.57,1927361,PAYX
2014-08-14,41.13,41.75,41.13,41.705,954004,PAYX
2014-08-15,41.95,42.0,41.27,41.55,1996336,PAYX
2014-08-18,41.96,42.15,41.79,42.09,1734689,PAYX
2014-08-19,42.11,42.1768,41.94,42.17,907975,PAYX
2014-08-20,42.04,42.1702,41.72,41.85,1495271,PAYX
2014-08-21,41.79,42.12,41.7,42.09,1011284,PAYX
2014-08-22,42.18,42.18,41.84,41.93,883503,PAYX
2014-08-25,42.15,42.22,41.89,41.91,880412,PAYX
2014-08-26,41.97,42.18,41.92,41.98,669538,PAYX
2014-08-27,41.95,41.98,41.7799,41.96,1155402,PAYX
2014-08-28,41.61,42.01,41.61,41.78,1001586,PAYX
2014-08-29,41.99,41.99,41.46,41.65,1711354,PAYX
2014-09-02,41.82,41.99,41.59,41.9,1547940,PAYX
2014-09-03,41.95,42.26,41.93,42.23,2237993,PAYX
2014-09-04,42.2,42.52,42.14,42.34,1533483,PAYX
2014-09-05,42.33,42.52,42.07,42.33,2446828,PAYX
2014-09-08,42.32,42.55,42.17,42.47,1757260,PAYX
2014-09-09,42.32,42.408,41.95,42.04,1318221,PAYX
2014-09-10,41.98,42.1,41.91,42.08,1461496,PAYX
2014-09-11,42.0,42.11,41.83,42.03,1215812,PAYX
2014-09-12,42.15,42.19,41.68,41.97,1420781,PAYX
2014-09-15,41.86,42.12,41.79,42.11,1144662,PAYX
2014-09-16,41.68,42.12,41.64,41.9,1859551,PAYX
2014-09-17,41.8,42.56,41.79,42.55,2455946,PAYX
2014-09-18,42.7,42.99,42.54,42.98,2189745,PAYX
2014-09-19,43.04,43.17,42.695,42.96,3348407,PAYX
2014-09-22,42.84,42.94,42.38,42.48,2108092,PAYX
2014-09-23,42.44,42.59,42.24,42.41,3297660,PAYX
2014-09-24,42.39,44.19,42.0,43.88,5503910,PAYX
2014-09-25,43.92,44.11,43.42,43.68,2977087,PAYX
2014-09-26,43.65,44.15,43.61,44.0,2227330,PAYX
2014-09-29,43.79,44.38,43.62,44.23,1988617,PAYX
2014-09-30,44.2,44.49,44.075,44.2,2070465,PAYX
2014-10-01,43.54,43.9,43.34,43.48,2496941,PAYX
2014-10-02,43.58,43.61,43.1,43.31,1976382,PAYX
2014-10-03,43.76,44.42,43.62,44.32,2671477,PAYX
2014-10-06,44.5,44.68,44.3,44.68,2685250,PAYX
2014-10-07,44.58,44.63,43.87,43.88,1948623,PAYX
2014-10-08,43.83,44.42,43.61,44.34,2813589,PAYX
2014-10-09,44.33,44.59,43.72,43.83,2599486,PAYX
2014-10-10,43.9,44.18,43.39,43.41,2162582,PAYX
2014-10-13,43.65,43.9599,43.24,43.28,2421419,PAYX
2014-10-14,43.42,43.97,43.42,43.54,2681533,PAYX
2014-10-15,43.01,43.3,42.06,43.05,3774404,PAYX
2014-10-16,42.51,43.29,42.32,43.09,2411780,PAYX
2014-10-17,43.42,43.87,43.1003,43.495,2111832,PAYX
2014-10-20,43.4,43.77,43.33,43.75,1756966,PAYX
2014-10-21,43.91,44.75,43.61,44.68,2201937,PAYX
2014-10-22,44.88,45.06,44.66,44.71,2180174,PAYX
2014-10-23,45.25,45.46,44.97,45.01,1930014,PAYX
2014-10-24,45.21,45.56,45.01,45.49,1285071,PAYX
2014-10-27,45.51,45.935,45.34,45.77,1520989,PAYX
2014-10-28,46.0,46.155,45.72,46.0,2542897,PAYX
2014-10-29,46.03,46.22,45.56,46.0,1618187,PAYX
2014-10-30,45.47,46.33,45.442,46.15,2420857,PAYX
2014-10-31,46.93,46.99,46.58,46.94,3234658,PAYX
2014-11-03,46.88,47.319,46.88,47.06,2257294,PAYX
2014-11-04,47.16,47.62,47.02,47.25,3440190,PAYX
2014-11-05,47.57,47.885,47.38,47.77,2679196,PAYX
2014-11-06,47.79,48.2,47.53,47.57,3087464,PAYX
2014-11-07,47.53,47.65,47.13,47.33,3491562,PAYX
2014-11-10,47.46,47.58,47.27,47.5,1721512,PAYX
2014-11-11,47.4,47.5199,47.02,47.28,1358890,PAYX
2014-11-12,47.21,47.54,47.05,47.49,1450416,PAYX
2014-11-13,47.65,47.77,47.33,47.43,1898025,PAYX
2014-11-14,47.5,47.5,46.91,47.23,1139378,PAYX
2014-11-17,47.16,47.35,47.08,47.23,1423849,PAYX
2014-11-18,47.3,47.66,47.25,47.49,1931402,PAYX
2014-11-19,47.49,47.5,47.0,47.355,2110488,PAYX
2014-11-20,47.36,47.48,47.06,47.33,1293193,PAYX
2014-11-21,47.59,47.5999,47.215,47.32,2772034,PAYX
2014-11-24,47.55,47.59,47.34,47.425,1986996,PAYX
2014-11-25,47.5,47.66,47.19,47.39,2362092,PAYX
2014-11-26,47.42,47.48,47.24,47.35,1788150,PAYX
2014-11-28,46.75,47.75,46.75,47.41,2162065,PAYX
2014-12-01,47.39,47.53,47.11,47.3,2974504,PAYX
2014-12-02,47.5,47.68,47.285,47.41,2831223,PAYX
2014-12-03,47.47,47.485,47.25,47.38,2155633,PAYX
2014-12-04,47.3,47.63,47.19,47.33,2231523,PAYX
2014-12-05,47.36,47.505,47.28,47.4,2813609,PAYX
2014-12-08,47.4,47.4799,46.95,47.11,2648495,PAYX
2014-12-09,46.69,46.95,46.25,46.71,3630196,PAYX
2014-12-10,46.65,47.045,46.4899,46.61,2465571,PAYX
2014-12-11,46.86,47.46,46.72,46.865,2738613,PAYX
2014-12-12,46.61,46.78,46.1,46.1,3060253,PAYX
2014-12-15,46.19,46.76,46.1,46.51,3649016,PAYX
2014-12-16,46.75,47.23,46.38,46.425,2834279,PAYX
2014-12-17,46.57,47.31,46.2,47.18,2793981,PAYX
2014-12-18,47.4,47.75,47.13,47.75,4181788,PAYX
2014-12-19,47.27,47.68,46.11,46.3,6761072,PAYX
2014-12-22,46.5,47.07,46.23,47.03,3182161,PAYX
2014-12-23,47.25,47.588,47.09,47.37,1695093,PAYX
2014-12-24,47.39,47.4426,47.05,47.06,660605,PAYX
2014-12-26,47.28,47.53,47.16,47.19,812956,PAYX
2014-12-29,47.03,47.19,47.01,47.045,1010628,PAYX
2014-12-30,46.75,47.23,46.65,46.86,1654778,PAYX
2014-12-31,46.63,46.88,46.16,46.17,1902196,PAYX
2015-01-02,46.36,46.76,45.82,46.24,2003348,PAYX
2015-01-05,46.41,46.94,46.03,46.32,4600462,PAYX
2015-01-06,46.31,46.63,45.75,45.99,3249074,PAYX
2015-01-07,46.43,46.87,46.0,46.83,2262307,PAYX
2015-01-08,47.12,47.62,46.8751,47.56,1826470,PAYX
2015-01-09,47.24,47.55,46.93,47.14,1942104,PAYX
2015-01-12,47.26,47.44,45.07,47.08,1992546,PAYX
2015-01-13,47.5,48.05,46.74,47.08,2104787,PAYX
2015-01-14,46.73,47.165,46.4,47.14,2452526,PAYX
2015-01-15,47.13,47.4,46.81,47.08,2277145,PAYX
2015-01-16,47.01,47.33,46.86,47.3,2511315,PAYX
2015-01-20,47.79,47.7999,47.06,47.54,1577905,PAYX
2015-01-21,47.48,47.61,47.04,47.35,1799529,PAYX
2015-01-22,47.5,48.04,47.02,47.96,1832955,PAYX
2015-01-23,47.97,48.48,47.79,48.375,2061125,PAYX
2015-01-26,48.31,48.4,47.71,48.175,1531784,PAYX
2015-01-27,47.78,47.99,47.26,47.665,1740525,PAYX
2015-01-28,47.95,48.06,46.805,46.875,2472182,PAYX
2015-01-29,46.53,46.64,45.9,46.38,2919127,PAYX
2015-01-30,46.15,46.25,45.2,45.26,3166034,PAYX
2015-02-02,45.44,46.02,44.52,45.96,3180818,PAYX
2015-02-03,46.43,46.91,46.13,46.91,2921179,PAYX
2015-02-04,46.81,47.29,46.8,47.07,2252855,PAYX
2015-02-05,47.17,47.49,46.81,47.49,2387842,PAYX
2015-02-06,47.54,48.05,47.5,47.73,2277482,PAYX
2015-02-09,47.65,47.87,47.26,47.44,1967672,PAYX
2015-02-10,47.49,48.0,47.38,47.93,1426123,PAYX
2015-02-11,47.92,48.24,47.83,48.155,1088321,PAYX
2015-02-12,48.2,48.43,48.09,48.405,1306838,PAYX
2015-02-13,48.46,48.84,48.2648,48.76,1261101,PAYX
2015-02-17,48.76,48.84,48.19,48.76,2100465,PAYX
2015-02-18,48.83,48.99,48.61,48.96,1341105,PAYX
2015-02-19,48.89,49.23,48.66,49.225,1135927,PAYX
2015-02-20,49.15,49.63,48.96,49.555,2147052,PAYX
2015-02-23,49.64,49.69,49.31,49.53,1140855,PAYX
2015-02-24,49.53,49.97,49.23,49.965,2023285,PAYX
2015-02-25,50.0,50.188,49.76,49.92,1744713,PAYX
2015-02-26,49.92,49.97,49.62,49.94,1822207,PAYX
2015-02-27,50.0,50.02,49.68,49.835,2040010,PAYX
2015-03-02,49.96,50.41,49.8,50.4,1342116,PAYX
2015-03-03,50.01,50.4,48.86,49.33,4771386,PAYX
2015-03-04,49.2,49.31,48.68,48.79,2123815,PAYX
2015-03-05,48.75,49.19,48.64,49.18,1766079,PAYX
2015-03-06,48.98,49.26,48.08,48.95,2084534,PAYX
2015-03-09,48.96,49.4,48.925,49.28,1476707,PAYX
2015-03-10,48.83,49.31,48.56,49.0,2671119,PAYX
2015-03-11,49.01,49.17,48.81,48.99,2113214,PAYX
2015-03-12,49.25,50.28,49.2,50.26,2371648,PAYX
2015-03-13,50.07,50.24,49.465,49.92,1816684,PAYX
2015-03-16,50.27,51.05,50.08,51.005,1959885,PAYX
2015-03-17,50.82,51.04,50.66,51.01,1558503,PAYX
2015-03-18,51.0,51.58,50.365,51.3,2413854,PAYX
2015-03-19,51.34,51.5,51.02,51.24,1258485,PAYX
2015-03-20,51.6,51.7,51.31,51.62,2278262,PAYX
2015-03-23,51.66,51.72,51.26,51.26,1717518,PAYX
2015-03-24,51.31,51.52,51.1,51.3,2528067,PAYX
2015-03-25,50.81,50.95,49.18,49.2,3855582,PAYX
2015-03-26,48.89,49.325,48.5499,49.01,2489295,PAYX
2015-03-27,48.88,49.65,48.7545,49.55,2184841,PAYX
2015-03-30,49.72,50.1299,49.67,50.01,1352506,PAYX
2015-03-31,49.91,50.06,49.61,49.615,1798879,PAYX
2015-04-01,49.22,49.55,48.691,49.495,2334593,PAYX
2015-04-02,49.81,49.81,49.11,49.25,1808790,PAYX
2015-04-06,49.59,49.67,49.09,49.21,2222658,PAYX
2015-04-07,49.18,49.4,49.13,49.14,1914800,PAYX
2015-04-08,49.13,49.55,48.92,49.34,2128888,PAYX
2015-04-09,49.41,49.47,48.79,49.39,1141650,PAYX
2015-04-10,49.6,49.61,49.21,49.28,1374899,PAYX
2015-04-13,49.38,49.58,49.01,49.06,1217724,PAYX
2015-04-14,48.74,49.18,48.73,48.9,929149,PAYX
2015-04-15,48.96,49.1699,48.8,48.98,1102246,PAYX
2015-04-16,48.8,49.19,48.61,49.04,1198798,PAYX
2015-04-17,48.72,48.99,48.0,48.28,2139123,PAYX
2015-04-20,48.53,49.07,48.33,48.98,1397695,PAYX
2015-04-21,49.75,49.8,49.03,49.06,1509415,PAYX
2015-04-22,49.25,49.43,48.79,49.28,1246949,PAYX
2015-04-23,49.1,49.71,49.01,49.515,1105369,PAYX
2015-04-24,49.51,49.51,48.5801,49.23,1320910,PAYX
2015-04-27,49.34,49.375,48.9,49.28,1673230,PAYX
2015-04-28,49.14,49.3343,48.78,49.27,1302638,PAYX
2015-04-29,48.98,49.12,48.63,48.835,1376253,PAYX
2015-04-30,48.66,48.9498,48.19,48.39,1728512,PAYX
2015-05-01,48.51,48.99,48.43,48.85,1837192,PAYX
2015-05-04,48.95,49.54,48.87,49.39,3355527,PAYX
2015-05-05,49.35,49.35,48.6601,49.09,2230098,PAYX
2015-05-06,49.08,49.32,48.62,49.0,2037481,PAYX
2015-05-07,48.6,49.04,48.4383,48.8,1581317,PAYX
2015-05-08,49.15,49.56,49.03,49.13,1454133,PAYX
2015-05-11,49.0,49.36,48.91,49.07,1605473,PAYX
2015-05-12,48.95,49.29,48.5398,49.005,1823400,PAYX
2015-05-13,49.15,49.46,48.88,48.97,1114782,PAYX
2015-05-14,49.26,49.96,49.23,49.93,1550571,PAYX
2015-05-15,50.09,50.19,49.61,49.785,1235194,PAYX
2015-05-18,49.66,50.26,49.66,50.12,1620141,PAYX
2015-05-19,50.12,50.42,49.87,50.33,1119149,PAYX
2015-05-20,50.37,50.68,50.15,50.28,1166992,PAYX
2015-05-21,50.35,50.4,50.12,50.26,1010790,PAYX
2015-05-22,50.25,50.38,49.84,49.86,1351574,PAYX
2015-05-26,49.71,49.85,49.04,49.31,1402576,PAYX
2015-05-27,49.22,49.85,49.21,49.72,1317615,PAYX
2015-05-28,49.66,49.79,49.41,49.575,1122808,PAYX
2015-05-29,49.41,49.58,49.04,49.41,2042597,PAYX
2015-06-01,49.58,49.79,49.09,49.41,1259332,PAYX
2015-06-02,49.21,49.47,48.8,49.16,3412931,PAYX
2015-06-03,49.19,49.32,48.85,49.0,2852441,PAYX
2015-06-04,48.98,49.14,48.19,48.19,2149593,PAYX
2015-06-05,48.17,48.605,48.04,48.43,2455529,PAYX
2015-06-08,48.31,48.5,48.02,48.055,1207056,PAYX
2015-06-09,48.08,48.09,47.645,47.69,1965545,PAYX
2015-06-10,47.87,48.36,47.79,48.1,1816780,PAYX
2015-06-11,48.09,48.43,47.79,48.25,2313748,PAYX
2015-06-12,47.94,48.25,47.89,47.995,1587162,PAYX
2015-06-15,47.74,47.79,47.18,47.49,1701082,PAYX
2015-06-16,47.27,47.89,47.1401,47.71,1062238,PAYX
2015-06-17,47.9,48.03,47.61,47.795,997022,PAYX
2015-06-18,47.89,48.41,47.89,48.24,1803400,PAYX
2015-06-19,48.25,48.36,48.0,48.1,2446002,PAYX
2015-06-22,48.35,49.0551,48.31,48.79,1814740,PAYX
2015-06-23,48.83,48.87,48.6,48.8,1240759,PAYX
2015-06-24,48.64,48.75,48.08,48.145,1346637,PAYX
2015-06-25,48.19,48.41,48.03,48.23,1744848,PAYX
2015-06-26,48.34,48.51,47.79,47.99,1675225,PAYX
2015-06-29,47.55,47.76,46.75,46.795,2111304,PAYX
2015-06-30,47.1,47.47,46.521,46.88,3013307,PAYX
2015-07-01,46.0,47.83,44.38,47.31,4253230,PAYX
2015-07-02,47.8,48.19,47.28,47.645,3003525,PAYX
2015-07-06,47.49,48.2501,47.39,48.17,3088364,PAYX
2015-07-07,48.25,48.45,47.2761,48.01,2936802,PAYX
2015-07-08,47.66,47.91,47.29,47.32,2079424,PAYX
2015-07-09,47.82,48.13,47.33,47.43,1923118,PAYX
2015-07-10,47.95,48.11,47.565,47.78,1371778,PAYX
2015-07-13,47.97,48.44,47.97,48.39,1553912,PAYX
2015-07-14,48.37,48.39,48.02,48.17,1271517,PAYX
2015-07-15,48.23,48.3727,47.68,47.76,2484589,PAYX
2015-07-16,47.68,47.95,47.35,47.91,2798216,PAYX
2015-07-17,47.82,47.82,47.24,47.45,2456018,PAYX
2015-07-20,47.61,47.63,47.14,47.3,2103170,PAYX
2015-07-21,47.28,47.38,47.04,47.27,1677025,PAYX
2015-07-22,47.24,47.55,47.18,47.27,1234493,PAYX
2015-07-23,47.23,47.25,46.59,46.65,1636506,PAYX
2015-07-24,46.53,46.82,46.03,46.11,2246600,PAYX
2015-07-27,46.0,46.48,45.34,46.28,2188782,PAYX
2015-07-28,46.48,46.63,46.16,46.61,1439384,PAYX
2015-07-29,46.55,46.88,46.28,46.71,2281886,PAYX
2015-07-30,46.23,46.57,45.71,46.23,2654008,PAYX
2015-07-31,46.45,46.51,46.13,46.4,1961606,PAYX
2015-08-03,46.16,47.695,45.94,47.52,4018792,PAYX
2015-08-04,47.64,48.4,46.3,47.69,3880413,PAYX
2015-08-05,48.0,48.66,47.8502,48.27,2692193,PAYX
2015-08-06,48.5,48.5,47.36,47.56,2189237,PAYX
2015-08-07,47.3,47.675,47.22,47.62,1774444,PAYX
2015-08-10,47.87,48.36,47.87,48.1,1388749,PAYX
2015-08-11,47.83,48.28,47.56,47.88,2145930,PAYX
2015-08-12,47.3,47.97,47.2,47.81,1930822,PAYX
2015-08-13,47.78,48.33,47.63,48.13,1807983,PAYX
2015-08-14,48.27,48.39,48.0,48.3,1259830,PAYX
2015-08-17,48.13,48.41,47.74,48.37,1609252,PAYX
2015-08-18,48.23,48.63,48.22,48.45,1079325,PAYX
2015-08-19,48.15,48.45,47.67,48.01,1520198,PAYX
2015-08-20,47.72,47.97,47.27,47.3,1545616,PAYX
2015-08-21,47.0,47.23,45.68,45.69,2869877,PAYX
2015-08-24,43.1,44.86,41.59,43.99,5152063,PAYX
2015-08-25,44.95,44.95,42.92,42.92,5178835,PAYX
2015-08-26,43.98,44.66,43.19,44.62,3443735,PAYX
2015-08-27,45.04,45.51,44.5,45.25,2642014,PAYX
2015-08-28,44.95,45.37,44.7,44.95,2622308,PAYX
2015-08-31,44.8,45.06,44.59,44.66,2209458,PAYX
2015-09-01,43.81,44.265,43.19,43.46,2863894,PAYX
2015-09-02,44.22,44.49,43.72,44.49,2000352,PAYX
2015-09-03,44.56,45.01,44.53,44.7,1501182,PAYX
2015-09-04,43.83,44.55,43.83,44.31,1659014,PAYX
2015-09-08,45.03,45.6,44.5001,45.58,1866598,PAYX
2015-09-09,45.94,45.98,45.23,45.34,2292934,PAYX
2015-09-10,45.21,45.79,45.13,45.3,2434946,PAYX
2015-09-11,45.16,45.73,45.03,45.71,1567052,PAYX
2015-09-14,45.7,45.715,45.225,45.31,1567736,PAYX
2015-09-15,45.48,46.155,45.275,45.97,1972115,PAYX
2015-09-16,45.88,46.52,45.72,46.28,1627482,PAYX
2015-09-17,46.19,47.05,46.07,46.69,3175024,PAYX
2015-09-18,46.14,47.06,46.03,46.53,4849696,PAYX
2015-09-21,46.7,47.08,46.43,46.65,1969688,PAYX
2015-09-22,46.03,46.39,45.71,46.03,2027301,PAYX
2015-09-23,46.04,46.61,45.99,46.39,1501905,PAYX
2015-09-24,46.09,46.54,45.78,46.34,1994525,PAYX
2015-09-25,46.81,47.09,46.4,46.69,2796918,PAYX
2015-09-28,46.68,46.79,45.69,45.76,2615526,PAYX
2015-09-29,45.67,46.07,45.55,46.01,2907171,PAYX
2015-09-30,46.6,47.705,46.23,47.63,4411144,PAYX
2015-10-01,47.44,48.19,47.3903,48.14,4031452,PAYX
2015-10-02,47.38,47.85,46.39,47.77,6231479,PAYX
2015-10-05,48.39,48.77,47.9001,48.68,3138693,PAYX
2015-10-06,48.9,49.11,48.4,48.53,3371117,PAYX
2015-10-07,48.88,49.47,48.78,49.47,2485166,PAYX
2015-10-08,49.38,50.06,49.29,49.96,2123238,PAYX
2015-10-09,50.05,50.3,49.95,50.06,3197922,PAYX
2015-10-12,50.14,50.44,49.92,50.31,1496549,PAYX
2015-10-13,50.11,50.2,49.63,49.78,2248746,PAYX
2015-10-14,49.9,50.0,49.44,49.54,1479081,PAYX
2015-10-15,49.07,49.87,49.07,49.87,1799555,PAYX
2015-10-16,49.93,50.34,49.56,50.23,1862410,PAYX
2015-10-19,50.24,50.72,50.01,50.46,1932367,PAYX
2015-10-20,50.26,50.71,50.01,50.41,1600113,PAYX
2015-10-21,50.67,50.94,50.17,50.31,1834809,PAYX
2015-10-22,50.53,51.79,50.52,51.6,3620889,PAYX
2015-10-23,51.92,51.95,51.41,51.785,2424627,PAYX
2015-10-26,51.94,52.21,51.65,52.15,2247789,PAYX
2015-10-27,51.96,52.15,51.66,52.09,2272804,PAYX
2015-10-28,52.16,52.38,51.6,52.24,2604557,PAYX
2015-10-29,51.57,51.81,51.44,51.76,1551665,PAYX
2015-10-30,51.78,52.06,51.465,51.58,2248431,PAYX
2015-11-02,51.71,51.97,51.56,51.91,1250740,PAYX
2015-11-03,51.7,51.97,51.47,51.74,2065227,PAYX
2015-11-04,51.75,52.0,51.6,51.82,1537622,PAYX
2015-11-05,51.89,52.7332,51.76,52.54,2885877,PAYX
2015-11-06,52.41,52.97,52.2401,52.8,2425036,PAYX
2015-11-09,52.46,52.83,52.06,52.73,2085456,PAYX
2015-11-10,52.73,53.14,52.66,53.11,1760007,PAYX
2015-11-11,53.12,53.59,53.11,53.17,1795410,PAYX
2015-11-12,53.08,53.378,52.83,52.85,2004561,PAYX
2015-11-13,52.83,53.1,52.271,52.36,2351809,PAYX
2015-11-16,52.41,53.4,52.4094,53.36,2270528,PAYX
2015-11-17,53.19,53.46,52.6,53.33,2205590,PAYX
2015-11-18,53.33,53.955,53.05,53.93,2027128,PAYX
2015-11-19,53.95,54.205,53.8,54.05,2103863,PAYX
2015-11-20,54.45,54.54,54.13,54.44,2333690,PAYX
2015-11-23,54.44,54.52,54.04,54.31,1549603,PAYX
2015-11-24,54.11,54.33,53.465,54.18,2044099,PAYX
2015-11-25,54.25,54.48,54.08,54.4,1379415,PAYX
2015-11-27,54.32,54.44,54.02,54.06,937621,PAYX
2015-11-30,54.15,54.4,53.98,54.25,2268987,PAYX
2015-12-01,54.24,54.7805,53.89,54.15,2096837,PAYX
2015-12-02,53.91,54.39,53.76,53.91,2699475,PAYX
2015-12-03,53.97,53.99,52.5,52.65,3371227,PAYX
2015-12-04,52.9,53.77,52.74,53.71,2501414,PAYX
2015-12-07,53.61,53.81,53.17,53.51,1295920,PAYX
2015-12-08,53.21,53.63,52.97,53.48,1628022,PAYX
2015-12-09,53.24,53.83,52.78,52.99,1832635,PAYX
2015-12-10,53.07,53.48,52.78,53.11,1697216,PAYX
2015-12-11,53.43,53.43,52.08,52.25,2447108,PAYX
2015-12-14,52.5,53.0,52.28,52.78,1865034,PAYX
2015-12-15,53.25,53.4255,52.8,53.08,2550499,PAYX
2015-12-16,53.5,54.17,53.21,54.06,2087082,PAYX
2015-12-17,54.12,54.3,53.35,53.35,2234955,PAYX
2015-12-18,53.25,53.25,52.38,52.45,5866991,PAYX
2015-12-21,52.89,53.0,52.12,52.6,3609460,PAYX
2015-12-22,52.99,53.0,51.11,52.71,3861553,PAYX
2015-12-23,52.81,54.08,52.78,53.95,2244149,PAYX
2015-12-24,54.04,54.1,53.54,53.82,833573,PAYX
2015-12-28,53.57,53.85,53.36,53.79,1273630,PAYX
2015-12-29,54.0,54.54,53.93,54.26,1622235,PAYX
2015-12-30,54.3,54.5,53.77,53.78,1346443,PAYX
2015-12-31,53.45,53.74,52.62,52.89,1984834,PAYX
2016-01-04,52.0,52.11,51.031,51.55,3016018,PAYX
2016-01-05,51.88,52.02,51.25,51.51,2923013,PAYX
2016-01-06,50.89,51.175,50.69,50.78,2524105,PAYX
2016-01-07,48.44,49.36,47.77,48.43,7593833,PAYX
2016-01-08,48.52,48.77,47.45,47.56,5430975,PAYX
2016-01-11,47.67,47.92,46.93,47.42,5280686,PAYX
2016-01-12,47.66,47.67,46.79,47.46,5207055,PAYX
2016-01-13,47.73,47.74,46.34,46.38,3974762,PAYX
2016-01-14,46.66,47.6795,46.48,47.32,2887902,PAYX
2016-01-15,46.07,46.81,46.055,46.7,3381690,PAYX
2016-01-19,47.39,47.64,46.98,47.5,4061515,PAYX
2016-01-20,46.88,47.23,45.76,46.65,4216901,PAYX
2016-01-21,46.94,47.81,46.24,47.39,4442889,PAYX
2016-01-22,48.19,48.835,47.86,48.19,4049831,PAYX
2016-01-25,48.04,48.15,47.3,47.41,2094653,PAYX
2016-01-26,47.73,48.005,47.43,47.71,1989075,PAYX
2016-01-27,47.71,48.01,46.775,47.01,2579735,PAYX
2016-01-28,47.19,47.19,46.2,46.425,2836546,PAYX
2016-01-29,46.82,47.86,46.66,47.86,4151826,PAYX
2016-02-01,47.73,48.45,47.41,48.35,3464808,PAYX
2016-02-02,47.79,48.37,47.3,48.35,6965492,PAYX
2016-02-03,48.48,48.665,47.395,48.1,4934364,PAYX
2016-02-04,47.77,48.4999,47.35,47.94,3019257,PAYX
2016-02-05,47.97,48.166,46.73,47.04,3699406,PAYX
2016-02-08,46.33,46.94,45.83,46.81,3938992,PAYX
2016-02-09,46.38,47.13,46.35,46.66,3261967,PAYX
2016-02-10,47.24,47.79,46.825,46.97,2651299,PAYX
2016-02-11,46.09,48.14,46.08,47.74,5241877,PAYX
2016-02-12,48.33,49.135,47.92,48.94,3150525,PAYX
2016-02-16,48.63,50.0672,48.63,49.99,2847217,PAYX
2016-02-17,50.05,50.75,50.05,50.61,2492616,PAYX
2016-02-18,50.36,51.02,50.25,50.85,2522757,PAYX
2016-02-19,50.67,51.3,50.45,51.25,2383471,PAYX
2016-02-22,51.56,51.94,51.35,51.92,2608214,PAYX
2016-02-23,51.52,52.06,51.36,51.42,1722158,PAYX
2016-02-24,51.0,51.67,50.661,51.63,1601261,PAYX
2016-02-25,51.7,52.16,51.39,52.14,1412976,PAYX
2016-02-26,52.49,52.4989,51.555,51.68,1668088,PAYX
2016-02-29,51.64,52.08,51.37,51.39,2119236,PAYX
2016-03-01,51.9,52.61,51.66,52.61,1975768,PAYX
2016-03-02,52.41,52.47,51.925,52.21,2313492,PAYX
2016-03-03,52.15,52.48,51.82,52.45,2068060,PAYX
2016-03-04,52.53,52.7975,52.015,52.58,1557775,PAYX
2016-03-07,52.25,52.81,52.0,52.59,1712803,PAYX
2016-03-08,51.9,52.48,51.85,52.04,1431905,PAYX
2016-03-09,52.31,52.375,51.95,52.12,1434352,PAYX
2016-03-10,52.29,52.74,51.43,51.87,1550414,PAYX
2016-03-11,52.48,53.06,52.0,52.95,1792962,PAYX
2016-03-14,52.7,53.105,52.54,53.01,1309383,PAYX
2016-03-15,52.61,53.21,52.4,53.13,1320731,PAYX
2016-03-16,52.78,53.3764,52.76,53.3,1099852,PAYX
2016-03-17,53.3,54.45,53.0,54.23,2179706,PAYX
2016-03-18,54.47,54.47,53.76,53.99,2473355,PAYX
2016-03-21,53.94,54.31,53.57,54.25,1010933,PAYX
2016-03-22,53.91,54.14,53.43,54.05,1350369,PAYX
2016-03-23,54.07,54.24,53.83,53.95,1417387,PAYX
2016-03-24,53.8,54.09,53.555,53.99,1415321,PAYX
2016-03-28,54.07,54.38,53.71,54.17,1799496,PAYX
2016-03-29,54.02,54.57,54.0,54.49,2132794,PAYX
2016-03-30,53.6,53.65,52.32,53.29,4209325,PAYX
2016-03-31,53.48,54.49,53.23,54.01,3154392,PAYX
2016-04-01,53.31,54.2,53.19,54.17,2031400,PAYX
2016-04-04,54.42,54.45,53.3,53.45,1898266,PAYX
2016-04-05,54.51,54.51,53.05,53.11,2165704,PAYX
2016-04-06,52.6294,53.68,52.6294,53.64,2041554,PAYX
2016-04-07,53.21,53.455,52.67,52.87,2074175,PAYX
2016-04-08,53.23,53.43,52.87,53.04,1206809,PAYX
2016-04-11,53.25,53.57,52.6,52.68,1654812,PAYX
2016-04-12,52.76,53.12,52.47,53.09,1992267,PAYX
2016-04-13,53.35,53.35,52.64,53.06,2192705,PAYX
2016-04-14,53.14,53.25,52.82,52.93,1255658,PAYX
2016-04-15,52.79,52.97,52.49,52.87,1364710,PAYX
2016-04-18,52.81,53.42,52.5,53.42,1106400,PAYX
2016-04-19,53.58,53.69,53.245,53.56,2087605,PAYX
2016-04-20,53.78,53.8239,53.29,53.39,1846981,PAYX
2016-04-21,53.29,53.41,52.21,52.29,1979503,PAYX
2016-04-22,52.28,52.67,52.08,52.27,1652262,PAYX
2016-04-25,52.27,52.57,52.04,52.57,2266287,PAYX
2016-04-26,52.5,52.81,52.32,52.65,2261799,PAYX
2016-04-27,52.67,53.24,52.5,53.12,1619352,PAYX
2016-04-28,52.64,53.29,52.29,52.82,1993524,PAYX
2016-04-29,52.3,52.6,51.8,52.12,2286596,PAYX
2016-05-02,52.23,52.655,52.12,52.6,1265681,PAYX
2016-05-03,52.28,52.65,52.11,52.4,1503512,PAYX
2016-05-04,52.06,52.36,51.91,52.29,1369576,PAYX
2016-05-05,51.96,52.08,51.13,51.19,2502167,PAYX
2016-05-06,51.06,51.91,51.06,51.91,1972946,PAYX
2016-05-09,51.98,52.21,51.77,51.99,1316749,PAYX
2016-05-10,52.2,52.93,52.015,52.89,1638347,PAYX
2016-05-11,52.84,52.84,52.101,52.21,1629217,PAYX
2016-05-12,52.37,52.52,51.91,52.11,1891318,PAYX
2016-05-13,52.11,52.37,51.68,51.71,1270914,PAYX
2016-05-16,51.71,52.39,51.51,52.06,1590558,PAYX
2016-05-17,51.98,52.13,51.29,51.47,1442097,PAYX
2016-05-18,51.41,52.01,51.25,51.73,1405453,PAYX
2016-05-19,51.42,51.8,51.09,51.71,1236801,PAYX
2016-05-20,51.88,52.33,51.85,52.03,1573554,PAYX
2016-05-23,52.09,52.18,51.71,51.73,1200723,PAYX
2016-05-24,52.04,53.13,51.95,53.08,1886613,PAYX
2016-05-25,53.23,53.71,53.1975,53.67,1959397,PAYX
2016-05-26,53.56,54.05,53.49,53.97,2108320,PAYX
2016-05-27,54.07,54.33,53.85,54.33,1711963,PAYX
2016-05-31,54.52,54.58,53.68,54.22,2442946,PAYX
2016-06-01,54.11,54.49,53.97,54.46,1584897,PAYX
2016-06-02,54.42,54.95,54.18,54.94,2254450,PAYX
2016-06-03,54.65,54.82,54.2,54.71,1870207,PAYX
2016-06-06,54.79,55.2,54.73,54.92,2177600,PAYX
2016-06-07,54.96,55.435,54.92,55.11,2143972,PAYX
2016-06-08,55.06,55.17,54.82,55.12,1479465,PAYX
2016-06-09,54.98,55.33,54.87,55.21,964112,PAYX
2016-06-10,54.35,54.9,54.2,54.56,1594931,PAYX
2016-06-13,54.3,54.63,54.17,54.23,1774869,PAYX
2016-06-14,54.02,54.62,54.0,54.58,1588765,PAYX
2016-06-15,54.61,54.99,54.34,54.52,1396450,PAYX
2016-06-16,54.37,55.005,54.115,54.9,1099661,PAYX
2016-06-17,54.87,54.8899,54.25,54.59,2229260,PAYX
2016-06-20,55.13,55.639,55.1,55.26,1548851,PAYX
2016-06-21,55.38,55.6501,55.19,55.51,1555476,PAYX
2016-06-22,55.61,55.65,55.19,55.31,1344785,PAYX
2016-06-23,55.65,56.3,55.6,56.29,1447492,PAYX
2016-06-24,53.78,55.48,53.57,54.64,4584428,PAYX
2016-06-27,54.3,54.62,53.78,54.27,3696600,PAYX
2016-06-28,54.51,55.59,54.33,55.53,3700988,PAYX
2016-06-29,55.84,56.27,55.72,56.14,3521774,PAYX
2016-06-30,56.48,59.55,56.07,59.5,7536334,PAYX
2016-07-01,59.11,59.6,58.52,59.44,4418164,PAYX
2016-07-05,59.3,60.3,59.26,60.09,3608560,PAYX
2016-07-06,60.99,61.0,60.19,60.84,3998094,PAYX
2016-07-07,60.96,61.27,60.46,60.59,3855911,PAYX
2016-07-08,61.07,61.495,60.7301,61.33,2690326,PAYX
2016-07-11,61.74,61.87,61.21,61.24,2719452,PAYX
2016-07-12,61.4,61.69,60.92,61.01,2848798,PAYX
2016-07-13,61.16,61.32,60.92,61.11,2003636,PAYX
2016-07-14,61.5,61.5,60.92,61.12,1635828,PAYX
2016-07-15,61.38,61.41,60.82,60.92,1773101,PAYX
2016-07-18,60.79,61.13,60.645,60.76,1699139,PAYX
2016-07-19,60.8,61.0,60.48,60.7,1578467,PAYX
2016-07-20,60.62,60.72,60.28,60.51,2618674,PAYX
2016-07-21,60.38,60.79,60.09,60.34,1802578,PAYX
2016-07-22,60.67,60.935,60.29,60.74,1457777,PAYX
2016-07-25,60.6,60.76,60.46,60.76,1424464,PAYX
2016-07-26,60.74,61.27,60.66,61.21,2135009,PAYX
2016-07-27,61.06,61.23,60.18,60.25,3031910,PAYX
2016-07-28,59.68,59.72,58.93,59.2,2378199,PAYX
2016-07-29,59.16,59.31,58.6107,59.28,3474522,PAYX
2016-08-01,59.29,59.59,58.92,59.26,1859202,PAYX
2016-08-02,59.17,59.26,58.84,58.88,2427828,PAYX
2016-08-03,58.77,59.15,58.26,58.51,2057829,PAYX
2016-08-04,58.4,58.72,58.231,58.64,1757221,PAYX
2016-08-05,59.02,59.42,58.85,59.36,1316611,PAYX
2016-08-08,59.33,59.3535,58.96,59.08,1389463,PAYX
2016-08-09,59.18,59.62,59.1,59.45,1543346,PAYX
2016-08-10,59.44,59.52,59.18,59.51,904648,PAYX
2016-08-11,59.49,59.93,59.41,59.9,1409789,PAYX
2016-08-12,59.67,60.08,59.67,60.03,1493296,PAYX
2016-08-15,60.02,60.25,59.9,60.1,1268159,PAYX
2016-08-16,59.76,59.97,59.29,59.29,1670065,PAYX
2016-08-17,59.37,59.57,59.1,59.47,1735820,PAYX
2016-08-18,59.43,59.855,59.3,59.83,1125519,PAYX
2016-08-19,59.74,60.17,59.45,60.15,1974883,PAYX
2016-08-22,60.19,60.41,60.01,60.38,1092739,PAYX
2016-08-23,60.69,60.87,60.4437,60.65,1171107,PAYX
2016-08-24,60.67,60.7664,60.508,60.69,988604,PAYX
2016-08-25,60.72,60.98,60.5,60.73,1290354,PAYX
2016-08-26,60.75,61.19,60.01,60.5,1633000,PAYX
2016-08-29,60.68,60.82,60.56,60.65,777524,PAYX
2016-08-30,60.7,60.78,60.5,60.76,841731,PAYX
2016-08-31,60.61,60.8,60.4,60.67,1448141,PAYX
2016-09-01,60.8,61.025,60.48,60.99,1214529,PAYX
2016-09-02,61.36,61.49,60.85,61.12,1072278,PAYX
2016-09-06,61.23,61.25,60.75,61.24,1289866,PAYX
2016-09-07,61.08,61.62,60.78,61.54,1302824,PAYX
2016-09-08,61.25,61.47,60.83,61.07,1366334,PAYX
2016-09-09,60.52,60.67,59.29,59.29,3284548,PAYX
2016-09-12,59.0,60.01,58.8,59.85,2921755,PAYX
2016-09-13,59.59,59.65,58.22,58.51,3114273,PAYX
2016-09-14,58.49,58.79,58.21,58.38,1721870,PAYX
2016-09-15,58.23,59.11,57.81,59.01,1616790,PAYX
2016-09-16,59.03,59.09,58.01,58.23,3858924,PAYX
2016-09-19,58.53,58.99,58.4,58.61,1263786,PAYX
2016-09-20,58.96,59.52,58.77,59.22,1610475,PAYX
2016-09-21,59.25,59.8,59.0164,59.68,1561022,PAYX
2016-09-22,60.01,60.48,59.93,60.37,2017656,PAYX
2016-09-23,60.33,60.7,59.91,59.91,1230700,PAYX
2016-09-26,59.64,59.96,59.59,59.68,1535186,PAYX
2016-09-27,59.79,60.36,59.7,60.27,2419108,PAYX
2016-09-28,58.88,59.0,57.01,57.5,6409353,PAYX
2016-09-29,57.5,57.81,57.14,57.16,2488952,PAYX
2016-09-30,57.43,58.12,57.2111,57.87,2444829,PAYX
2016-10-03,57.48,57.781,57.11,57.46,2315694,PAYX
2016-10-04,57.47,57.76,56.78,57.06,1791138,PAYX
2016-10-05,57.28,57.32,56.28,56.8,2463290,PAYX
2016-10-06,56.68,56.9,56.4,56.74,1508592,PAYX
2016-10-07,56.93,56.97,56.16,56.52,1724272,PAYX
2016-10-10,56.65,57.08,56.52,56.67,1175040,PAYX
2016-10-11,56.59,56.62,55.75,56.03,1636491,PAYX
2016-10-12,56.05,56.369,55.89,56.17,993782,PAYX
2016-10-13,55.77,56.32,55.59,56.24,1500414,PAYX
2016-10-14,56.47,56.79,56.2,56.2,1071355,PAYX
2016-10-17,56.11,56.21,55.43,55.74,2147302,PAYX
2016-10-18,56.23,56.62,55.8031,56.14,1794552,PAYX
2016-10-19,56.2,56.42,55.96,56.32,1482803,PAYX
2016-10-20,56.28,56.56,55.875,56.24,1869220,PAYX
2016-10-21,55.97,56.06,55.33,56.0,1861663,PAYX
2016-10-24,56.27,56.52,56.01,56.17,1890947,PAYX
2016-10-25,56.22,56.5,55.8,55.84,2386059,PAYX
2016-10-26,55.72,55.89,55.21,55.57,1805926,PAYX
2016-10-27,55.67,56.06,55.12,55.25,2319533,PAYX
2016-10-28,54.92,55.42,54.75,55.05,2125248,PAYX
2016-10-31,55.17,55.31,54.81,55.2,1611096,PAYX
2016-11-01,55.34,55.5,54.17,54.27,2838342,PAYX
2016-11-02,54.38,54.8,54.27,54.34,2960214,PAYX
2016-11-03,54.34,54.48,53.47,53.83,2489841,PAYX
2016-11-04,53.44,54.05,53.43,53.65,1839134,PAYX
2016-11-07,54.49,54.84,54.13,54.47,2563815,PAYX
2016-11-08,54.27,54.581,54.12,54.19,2265800,PAYX
2016-11-09,52.9,55.24,52.7767,55.18,4972739,PAYX
2016-11-10,55.24,56.24,54.62,56.0,4049257,PAYX
2016-11-11,55.78,56.77,55.67,56.68,3782196,PAYX
2016-11-14,56.85,56.97,56.23,56.3,4103840,PAYX
2016-11-15,56.45,56.74,55.47,55.68,2392432,PAYX
2016-11-16,55.61,55.87,55.37,55.76,2065760,PAYX
2016-11-17,55.8,56.1,55.42,55.92,3559123,PAYX
2016-11-18,55.85,56.17,55.78,55.93,2180443,PAYX
2016-11-21,56.01,57.16,55.92,57.14,2889382,PAYX
2016-11-22,57.31,57.73,57.05,57.5,3144621,PAYX
2016-11-23,57.53,58.08,57.09,58.05,2112665,PAYX
2016-11-25,58.04,58.36,57.86,57.98,726466,PAYX
2016-11-28,57.79,58.19,57.48,57.99,2080989,PAYX
2016-11-29,57.91,59.66,57.82,59.46,4045865,PAYX
2016-11-30,59.51,59.68,58.95,58.95,5055400,PAYX
2016-12-01,58.95,59.24,58.52,58.68,2409198,PAYX
2016-12-02,58.59,58.99,58.23,58.34,1944740,PAYX
2016-12-05,58.65,58.89,58.31,58.83,2711931,PAYX
2016-12-06,58.98,59.02,58.295,58.67,1342626,PAYX
2016-12-07,58.7,60.45,58.5814,60.24,1665799,PAYX
2016-12-08,60.29,60.45,59.84,60.27,1370752,PAYX
2016-12-09,60.02,60.465,59.7981,60.16,1381310,PAYX
2016-12-12,59.97,60.33,59.86,60.19,1085329,PAYX
2016-12-13,60.14,60.66,60.03,60.25,1715733,PAYX
2016-12-14,60.38,61.2,60.25,60.48,2762172,PAYX
2016-12-15,60.43,61.03,60.18,60.74,1704685,PAYX
2016-12-16,61.76,61.97,61.01,61.24,3470891,PAYX
2016-12-19,61.53,62.04,61.29,61.55,1815693,PAYX
2016-12-20,61.89,62.14,61.487,61.93,2487761,PAYX
2016-12-21,61.71,61.86,60.26,61.39,3353047,PAYX
2016-12-22,61.35,61.55,60.85,61.5,1311387,PAYX
2016-12-23,61.52,61.88,61.43,61.73,994176,PAYX
2016-12-27,61.83,62.18,61.61,61.65,944861,PAYX
2016-12-28,61.84,61.93,61.285,61.34,1286012,PAYX
2016-12-29,61.47,61.95,61.24,61.4,989502,PAYX
2016-12-30,61.26,61.26,60.435,60.88,1574977,PAYX
2017-01-03,61.15,61.75,60.61,61.06,1922270,PAYX
2017-01-04,61.31,61.59,61.04,61.29,1610098,PAYX
2017-01-05,61.12,61.48,60.6165,60.85,1646510,PAYX
2017-01-06,60.85,61.55,60.55,61.27,1271373,PAYX
2017-01-09,61.23,61.4,60.9,61.02,1429824,PAYX
2017-01-10,61.08,61.29,60.69,60.81,1392941,PAYX
2017-01-11,61.11,61.38,60.8,61.15,1424554,PAYX
2017-01-12,60.97,61.41,60.71,61.34,1070209,PAYX
2017-01-13,61.32,61.69,61.26,61.47,938987,PAYX
2017-01-17,61.33,61.47,60.64,60.85,1357477,PAYX
2017-01-18,61.0,61.14,60.72,61.04,1145814,PAYX
2017-01-19,61.04,61.11,60.79,60.9,1173448,PAYX
2017-01-20,61.1,61.7,60.95,61.47,1517933,PAYX
2017-01-23,61.36,61.49,60.98,61.11,1716851,PAYX
2017-01-24,61.18,61.96,61.18,61.87,1472049,PAYX
2017-01-25,62.01,62.17,61.395,61.62,1529386,PAYX
2017-01-26,61.54,61.61,61.25,61.45,1053615,PAYX
2017-01-27,61.55,61.56,60.98,61.17,1009834,PAYX
2017-01-30,60.73,60.99,60.42,60.81,1272935,PAYX
2017-01-31,60.45,60.76,60.0907,60.29,1684077,PAYX
2017-02-01,59.5,59.5,58.43,58.52,4522152,PAYX
2017-02-02,58.41,58.81,58.12,58.55,2649473,PAYX
2017-02-03,58.9,59.17,57.71,57.97,4003329,PAYX
2017-02-06,58.02,58.395,57.35,57.62,4610225,PAYX
2017-02-07,57.65,57.99,57.0701,57.57,2810298,PAYX
2017-02-08,57.48,57.83,57.17,57.65,1671210,PAYX
2017-02-09,57.69,58.67,57.66,58.49,2017717,PAYX
2017-02-10,58.62,58.99,58.42,58.46,1303093,PAYX
2017-02-13,58.75,59.2269,58.705,59.04,1471217,PAYX
2017-02-14,58.88,59.33,58.8297,59.27,1113730,PAYX
2017-02-15,59.33,59.525,58.85,59.38,1526344,PAYX
2017-02-16,59.47,59.59,59.09,59.49,1276209,PAYX
2017-02-17,59.46,59.46,58.74,59.13,1708140,PAYX
2017-02-21,59.23,59.35,58.75,59.1,2218893,PAYX
2017-02-22,58.95,59.63,58.95,59.6,1507651,PAYX
2017-02-23,59.85,60.54,59.56,60.41,1894701,PAYX
2017-02-24,60.44,61.935,60.2,61.81,3372648,PAYX
2017-02-27,61.58,62.13,61.24,61.53,2122795,PAYX
2017-02-28,61.58,61.81,61.21,61.42,1618247,PAYX
2017-03-01,61.71,63.01,61.65,62.81,2816968,PAYX
2017-03-02,62.56,62.5948,62.21,62.36,1382992,PAYX
2017-03-03,62.18,62.545,61.845,62.5,1778954,PAYX
2017-03-06,62.24,62.59,62.07,62.41,1244794,PAYX
2017-03-07,62.14,62.58,62.065,62.16,1097391,PAYX
2017-03-08,62.15,62.6,62.01,62.32,1178930,PAYX
2017-03-09,62.25,62.479,61.81,62.12,969580,PAYX
2017-03-10,62.22,62.54,61.79,62.38,893275,PAYX
2017-03-13,62.33,62.63,62.1,62.56,1969214,PAYX
2017-03-14,62.51,62.55,62.08,62.31,888548,PAYX
2017-03-15,62.54,63.025,62.31,62.86,1406210,PAYX
2017-03-16,62.85,63.03,62.3425,62.63,1115913,PAYX
2017-03-17,62.78,63.03,62.63,62.84,2026617,PAYX
2017-03-20,62.87,62.95,62.05,62.31,1352715,PAYX
2017-03-21,62.48,62.6,61.53,61.67,1845845,PAYX
2017-03-22,61.75,62.1,61.49,62.0,1248306,PAYX
2017-03-23,61.77,61.97,61.45,61.52,1885476,PAYX
2017-03-24,61.79,62.04,61.31,61.62,1296488,PAYX
2017-03-27,61.22,61.46,60.7,60.89,2748394,PAYX
2017-03-28,60.7,61.05,60.51,60.58,4956367,PAYX
2017-03-29,60.51,61.0,58.58,59.06,5436839,PAYX
2017-03-30,58.94,59.33,58.75,59.13,2874074,PAYX
2017-03-31,59.1,59.26,58.84,58.9,2537779,PAYX
2017-04-03,58.75,58.89,58.1,58.44,2322500,PAYX
2017-04-04,58.31,58.35,57.95,58.06,1543271,PAYX
2017-04-05,58.33,58.88,58.04,58.3,2301020,PAYX
2017-04-06,58.29,58.34,57.86,58.15,1458737,PAYX
2017-04-07,58.17,58.335,58.02,58.19,1583405,PAYX
2017-04-10,58.16,58.53,58.045,58.24,1323494,PAYX
2017-04-11,58.26,58.72,58.01,58.72,2070701,PAYX
2017-04-12,58.36,58.65,58.22,58.45,2093499,PAYX
2017-04-13,58.47,58.52,57.89,57.89,1661609,PAYX
2017-04-17,58.02,58.15,57.68,58.06,1488763,PAYX
2017-04-18,57.76,58.26,57.76,58.22,1420447,PAYX
2017-04-19,58.21,58.76,57.97,58.08,2048028,PAYX
2017-04-20,58.39,58.73,58.18,58.65,1707234,PAYX
2017-04-21,58.77,59.23,58.675,59.14,1939395,PAYX
2017-04-24,59.67,59.8799,59.03,59.42,1950108,PAYX
2017-04-25,59.66,60.07,59.55,59.55,2090430,PAYX
2017-04-26,59.62,59.74,59.25,59.7,1682757,PAYX
2017-04-27,59.72,60.06,59.495,59.84,1338499,PAYX
2017-04-28,59.94,59.94,59.1101,59.28,1542966,PAYX
2017-05-01,59.33,59.4799,58.96,59.16,1109437,PAYX
2017-05-02,59.22,59.5,59.0,59.25,942174,PAYX
2017-05-03,58.5,58.5187,57.4,57.9,2777600,PAYX
2017-05-04,57.91,58.73,57.79,58.68,1357316,PAYX
2017-05-05,58.89,58.89,58.48,58.87,1524195,PAYX
2017-05-08,58.46,58.72,57.86,58.06,1980336,PAYX
2017-05-09,58.05,58.24,57.65,58.02,1603257,PAYX
2017-05-10,57.95,58.1,57.445,57.54,1879479,PAYX
2017-05-11,57.38,57.44,56.94,57.19,1956093,PAYX
2017-05-12,57.23,57.25,56.93,57.13,1667292,PAYX
2017-05-15,57.16,57.775,57.16,57.61,2343912,PAYX
2017-05-16,57.61,57.81,56.97,57.16,2066158,PAYX
2017-05-17,56.83,57.28,56.57,56.94,2695608,PAYX
2017-05-18,57.0,57.68,56.77,57.43,1849072,PAYX
2017-05-19,57.5,57.7,57.23,57.51,1939135,PAYX
2017-05-22,57.74,58.04,57.61,57.82,1517980,PAYX
2017-05-23,58.1,58.26,57.8,58.05,1288360,PAYX
2017-05-24,58.23,58.59,58.01,58.4,1305548,PAYX
2017-05-25,58.68,59.27,58.45,59.11,1454169,PAYX
2017-05-26,59.22,59.33,58.76,59.28,1345764,PAYX
2017-05-30,59.28,59.28,58.69,59.11,1087625,PAYX
2017-05-31,59.31,59.45,59.0162,59.23,4670175,PAYX
2017-06-01,59.49,59.68,59.1,59.67,1369923,PAYX
2017-06-02,59.57,59.57,58.32,59.27,2820893,PAYX
2017-06-05,59.32,59.9,59.13,59.6,1662295,PAYX
2017-06-06,59.42,59.58,59.03,59.06,1179532,PAYX
2017-06-07,59.27,59.4,59.03,59.31,1144946,PAYX
2017-06-08,59.26,59.35,58.66,58.91,1202345,PAYX
2017-06-09,58.98,59.25,58.43,58.56,1880041,PAYX
2017-06-12,58.44,59.98,58.23,59.64,2695131,PAYX
2017-06-13,59.5,60.57,59.5,60.51,2071757,PAYX
2017-06-14,60.47,60.7101,59.885,60.09,2107936,PAYX
2017-06-15,59.92,60.8,59.82,60.73,1771129,PAYX
2017-06-16,60.76,61.115,60.21,61.1,3323116,PAYX
2017-06-19,61.57,61.57,60.91,61.13,2052406,PAYX
2017-06-20,60.32,60.59,59.91,60.01,2023927,PAYX
2017-06-21,59.96,60.2,59.73,59.93,1305733,PAYX
2017-06-22,59.87,60.03,59.105,59.4,1660177,PAYX
2017-06-23,59.26,59.47,59.1,59.24,2941089,PAYX
2017-06-26,59.65,59.65,59.105,59.24,2480172,PAYX
2017-06-27,59.19,59.35,58.5,58.62,3594484,PAYX
2017-06-28,57.5,58.0,56.56,57.65,5608784,PAYX
2017-06-29,57.5,57.66,56.51,56.69,3229763,PAYX
2017-06-30,57.31,57.33,56.63,56.94,3362010,PAYX
2017-07-03,56.4,57.13,56.37,56.53,1459303,PAYX
2017-07-05,56.77,57.57,56.35,57.49,2792229,PAYX
2017-07-06,57.31,57.31,56.68,56.97,2176360,PAYX
2017-07-07,57.16,57.7,56.89,57.42,1655417,PAYX
2017-07-10,57.42,57.96,57.32,57.84,1950017,PAYX
2017-07-11,57.67,57.68,56.57,56.6,2917685,PAYX
2017-07-12,56.83,57.369,56.83,57.24,1849958,PAYX
2017-07-13,57.38,57.49,57.0,57.2,1743276,PAYX
2017-07-14,57.35,57.44,57.09,57.1,1383348,PAYX
2017-07-17,57.11,57.25,56.75,56.88,1586486,PAYX
2017-07-18,56.76,57.05,56.63,56.78,1617177,PAYX
2017-07-19,56.75,56.98,56.55,56.86,2151416,PAYX
2017-07-20,56.86,57.34,56.82,57.19,1747999,PAYX
2017-07-21,56.78,57.37,56.78,57.2,1937649,PAYX
2017-07-24,57.14,57.23,56.835,56.94,1241529,PAYX
2017-07-25,57.05,57.66,57.0,57.43,1791484,PAYX
2017-07-26,57.52,58.25,57.46,58.11,2005148,PAYX
2017-07-27,58.03,61.37,57.87,60.14,6295594,PAYX
2017-07-28,59.49,60.13,57.71,57.76,4069135,PAYX
2017-07-31,57.81,58.35,57.71,57.85,5038359,PAYX
2017-08-01,57.9,57.96,56.66,56.82,2749447,PAYX
2017-08-02,56.53,56.875,56.16,56.58,2503861,PAYX
2017-08-03,56.58,56.67,55.78,56.15,2440777,PAYX
2017-08-04,56.37,56.405,55.87,56.09,1952980,PAYX
2017-08-07,56.01,56.14,55.74,55.94,1429791,PAYX
2017-08-08,55.9,56.58,54.72,55.04,3396122,PAYX
2017-08-09,54.84,55.07,54.43,54.91,1717388,PAYX
2017-08-10,54.61,55.05,54.53,54.78,2166945,PAYX
2017-08-11,54.9,54.92,54.2,54.24,1789522,PAYX
2017-08-14,54.77,55.07,54.43,54.92,2014778,PAYX
2017-08-15,55.05,55.78,54.82,55.59,2710626,PAYX
2017-08-16,55.69,56.88,55.63,56.24,2650233,PAYX
2017-08-17,56.17,56.36,54.925,54.98,2473620,PAYX
2017-08-18,54.99,55.21,54.76,54.99,2041361,PAYX
2017-08-21,54.98,55.81,54.86,55.77,2433321,PAYX
2017-08-22,56.08,56.59,55.77,56.11,2818114,PAYX
2017-08-23,55.95,56.08,55.63,55.77,1303012,PAYX
2017-08-24,55.83,55.9,55.46,55.54,1313617,PAYX
2017-08-25,55.77,56.45,55.61,56.22,1065322,PAYX
2017-08-28,56.38,56.52,56.04,56.49,1812578,PAYX
2017-08-29,56.26,56.63,56.08,56.59,1198166,PAYX
2017-08-30,56.59,56.85,56.12,56.62,1298246,PAYX
2017-08-31,56.81,57.1,56.5564,57.03,1420965,PAYX
2017-09-01,57.04,57.24,56.62,57.07,1099540,PAYX
2017-09-05,56.92,57.07,56.43,56.71,1257872,PAYX
2017-09-06,56.97,57.27,56.59,57.2,1600300,PAYX
2017-09-07,57.09,57.27,56.9,57.01,1140519,PAYX
2017-09-08,56.93,57.225,56.82,56.9,1315469,PAYX
2017-09-11,57.14,57.5,57.09,57.33,1378983,PAYX
2017-09-12,57.55,58.79,57.5338,58.16,2236322,PAYX
2017-09-13,58.08,58.36,57.83,58.04,1397668,PAYX
2017-09-14,57.72,57.85,57.2306,57.51,1809871,PAYX
2017-09-15,57.53,57.95,57.36,57.85,2076263,PAYX
2017-09-18,57.86,58.13,57.66,58.08,806251,PAYX
2017-09-19,58.13,58.29,57.91,58.07,1190365,PAYX
2017-09-20,58.0,58.65,58.0,58.51,1662170,PAYX
2017-09-21,58.58,58.7,58.09,58.19,1562942,PAYX
2017-09-22,58.22,59.84,58.22,59.75,2709833,PAYX
2017-09-25,59.52,60.05,59.5,60.03,2368314,PAYX
2017-09-26,60.26,60.29,59.77,59.94,1882705,PAYX
2017-09-27,60.17,60.5,59.995,60.35,1594974,PAYX
2017-09-28,59.82,60.41,59.82,60.26,1437238,PAYX
2017-09-29,60.17,60.65,59.86,59.96,2265553,PAYX
2017-10-02,59.95,60.16,59.34,59.81,4561015,PAYX
2017-10-03,62.0,62.92,61.02,61.99,7620108,PAYX
2017-10-04,62.08,63.06,61.95,62.61,3108272,PAYX
2017-10-05,63.04,63.31,62.4,63.25,2401918,PAYX
2017-10-06,63.15,63.68,62.9,63.62,3306287,PAYX
2017-10-09,63.64,64.0,63.52,63.65,2952991,PAYX
2017-10-10,63.84,64.08,63.34,63.71,2561490,PAYX
2017-10-11,63.72,63.74,63.26,63.48,2913124,PAYX
2017-10-12,63.45,64.44,63.3461,64.42,2055148,PAYX
2017-10-13,64.39,64.75,63.74,63.75,2083678,PAYX
2017-10-16,63.71,63.89,63.22,63.45,1142926,PAYX
2017-10-17,63.54,63.63,62.86,62.9,1589165,PAYX
2017-10-18,62.95,63.37,62.94,63.03,1034982,PAYX
2017-10-19,62.85,63.6,62.79,63.51,1493486,PAYX
2017-10-20,63.54,64.11,63.48,64.04,1399401,PAYX
2017-10-23,64.09,64.58,64.06,64.34,1677747,PAYX
2017-10-24,64.6,64.66,63.78,63.88,1824251,PAYX
2017-10-25,63.73,64.11,63.32,64.08,2334582,PAYX
2017-10-26,64.42,64.84,64.23,64.59,1374508,PAYX
2017-10-27,64.55,65.62,64.23,65.4,2998491,PAYX
2017-10-30,65.4,65.54,64.36,64.47,2540847,PAYX
2017-10-31,64.01,64.11,63.51,63.79,1461324,PAYX
2017-11-01,63.87,64.28,63.56,64.14,1637049,PAYX
2017-11-02,64.32,64.67,63.54,64.54,1996251,PAYX
2017-11-03,64.42,64.43,63.93,63.99,1567073,PAYX
2017-11-06,63.7,64.07,63.48,64.0,1397210,PAYX
2017-11-07,64.13,64.38,63.82,64.27,1703784,PAYX
2017-11-08,64.15,64.6,64.09,64.55,1097236,PAYX
2017-11-09,64.12,64.9,64.12,64.76,1668593,PAYX
2017-11-10,64.61,64.67,64.35,64.57,1332699,PAYX
2017-11-13,64.54,65.245,64.34,65.1,1775127,PAYX
2017-11-14,64.71,65.54,64.4177,65.37,1576315,PAYX
2017-11-15,65.34,65.81,64.46,64.58,1839218,PAYX
2017-11-16,64.87,66.31,64.78,65.64,1755941,PAYX
2017-11-17,65.43,65.49,64.65,64.92,1741597,PAYX
2017-11-20,64.98,65.28,64.75,65.18,1326216,PAYX
2017-11-21,65.28,65.39,65.0,65.12,1529019,PAYX
2017-11-22,65.21,65.31,64.63,64.68,927428,PAYX
2017-11-24,64.6,64.89,64.4201,64.69,538856,PAYX
2017-11-27,64.64,64.86,64.285,64.68,1241476,PAYX
2017-11-28,64.85,65.8,64.8,65.8,1569283,PAYX
2017-11-29,65.78,66.93,65.39,66.58,3210563,PAYX
2017-11-30,66.65,67.88,66.43,67.31,3748120,PAYX
2017-12-01,66.9,67.26,65.89,66.87,2489536,PAYX
2017-12-04,67.6,68.56,67.38,67.61,2604423,PAYX
2017-12-05,67.71,68.52,67.62,67.94,2878026,PAYX
2017-12-06,68.02,68.67,67.85,68.41,1834719,PAYX
2017-12-07,68.28,68.75,68.22,68.53,2034830,PAYX
2017-12-08,68.94,69.14,68.44,69.01,1464073,PAYX
2017-12-11,68.85,69.26,68.74,69.02,2354561,PAYX
2017-12-12,68.9,69.13,68.63,68.71,1087579,PAYX
2017-12-13,68.9,69.12,68.48,68.82,1887585,PAYX
2017-12-14,68.9,68.9937,68.31,68.33,1534886,PAYX
2017-12-15,68.89,70.17,68.51,69.77,3548846,PAYX
2017-12-18,70.09,70.3,69.65,70.25,1756876,PAYX
2017-12-19,70.35,70.39,69.25,69.26,1636961,PAYX
2017-12-20,70.0,70.0,69.04,69.2,1680499,PAYX
2017-12-21,67.38,68.75,66.92,68.64,4202002,PAYX
2017-12-22,68.78,69.74,68.16,68.27,3022081,PAYX
2017-12-26,68.24,68.92,68.06,68.85,1625795,PAYX
2017-12-27,69.06,69.06,68.35,68.4,1153755,PAYX
2017-12-28,68.71,68.73,67.98,68.34,1103149,PAYX
2017-12-29,67.9,68.45,67.9,68.08,1211070,PAYX
2018-01-02,68.34,68.34,67.16,67.31,2289346,PAYX
2018-01-03,67.45,68.68,67.23,68.28,2189752,PAYX
2018-01-04,68.35,69.12,68.35,68.92,1636879,PAYX
2018-01-05,69.21,69.2614,68.42,68.71,1743955,PAYX
2018-01-08,68.5,68.57,68.0,68.28,2256746,PAYX
2018-01-09,67.7,68.6,67.51,67.82,2850059,PAYX
2018-01-10,67.66,67.92,67.12,67.54,1883783,PAYX
2018-01-11,67.51,67.51,66.29,66.86,2199611,PAYX
2018-01-12,66.99,67.89,66.6201,67.66,2017295,PAYX
2018-01-16,67.92,68.48,67.75,68.26,3478209,PAYX
2018-01-17,68.71,69.85,68.41,69.64,2620863,PAYX
2018-01-18,69.61,69.92,68.65,68.91,1662864,PAYX
2018-01-19,68.89,69.7,68.7501,69.49,2559512,PAYX
2018-01-22,69.62,70.15,69.23,69.7,1681984,PAYX
2018-01-23,69.69,73.1,69.1,69.99,6875482,PAYX
2018-01-24,70.11,70.1533,67.95,68.02,3229726,PAYX
2018-01-25,68.22,68.7,67.63,68.63,1880601,PAYX
2018-01-26,68.93,70.24,68.6,70.01,1720320,PAYX
2018-01-29,69.81,69.88,68.74,68.83,1263051,PAYX
2018-01-30,68.67,69.27,68.14,68.56,1415065,PAYX
2018-01-31,68.6,68.8,67.7948,68.25,2135680,PAYX
2018-02-01,68.09,68.49,66.77,67.03,2737906,PAYX
2018-02-02,66.65,67.45,66.51,66.6,3252947,PAYX
2018-02-05,66.42,67.36,64.5,64.52,3601283,PAYX
2018-02-06,63.3,64.49,62.57,64.23,3489708,PAYX
2018-02-07,63.9,65.9457,63.68,64.74,2691333,PAYX
